,amplitude,beyond_1_std,beyond_2_std,cusum,eta,eta_e,inter_percentile_range_25,inter_percentile_range_10,kurtosis,linear_fit_slope,linear_fit_slope_sigma,linear_fit_reduced_chi2,linear_trend,linear_trend_sigma,magnitude_percentage_ratio_40_5,magnitude_percentage_ratio_20_10,maximum_slope,mean,median_absolute_deviation,median_buffer_range_percentage_5,percent_amplitude,percent_difference_magnitude_percentile_5,percent_difference_magnitude_percentile_20,period_0,period_s_to_n_0,period_1,period_s_to_n_1,period_2,period_s_to_n_2,periodogram_amplitude,periodogram_beyond_1_std,periodogram_beyond_2_std,periodogram_cusum,periodogram_eta,periodogram_inter_percentile_range_25,periodogram_standard_deviation,periodogram_percent_amplitude,chi2,skew,standard_deviation,stetson_K,weighted_mean
PCA1,0.27022046,0.008888423,-0.001590237,0.09156705,-0.078800246,-0.10247845,0.27389657,0.27825022,-0.017194938,-0.0734264,0.20055674,0.10238074,-0.05085419,0.27428198,-0.0025917948,0.00065600366,0.21937935,0.19822142,0.27397436,-0.13015147,0.25966722,0.27757952,0.27389413,0.077319175,-0.097056665,0.04889149,-0.1170701,0.043743435,-0.1301808,-0.03063891,-0.001514567,-0.0072107315,0.00744652,0.041709136,0.114543065,0.07761955,-0.031790283,0.10449155,-0.11569552,0.2815994,-0.04896391,0.19217615
PCA2,-6.0156653e-05,0.074330434,-0.0420617,0.23987983,-0.26778066,-0.113904,0.04013735,0.031886756,-0.044017404,-0.019774653,-0.04543014,0.036437795,-0.01703443,0.016898893,0.055345293,0.039365746,-0.0444413,-0.08920496,0.035938296,-0.03892772,0.0036652754,0.031585377,0.045495417,0.13827571,0.3103062,0.06374507,0.2909977,0.031177096,0.27852497,0.34647056,-0.27943516,-0.30060366,-0.007697739,-0.12106752,0.09913023,0.29634804,0.34621048,0.03785048,0.010692516,0.024446523,0.08478776,-0.09151871
PCA3,0.076352485,-0.32233652,0.040437877,0.009091854,-0.037840515,-0.032994963,-0.0627081,-0.036987428,0.24182004,-0.26489148,-0.26288828,0.34201998,-0.22490321,-0.029142864,-0.17774217,-0.15246163,-0.048858963,-0.24016698,-0.0699236,-0.2835035,0.1286993,0.025502428,-0.026695976,0.046158634,0.018960174,0.046037298,0.032094076,0.030678395,0.037760343,-0.021868264,0.076935396,0.05900136,0.11464256,0.06985237,0.01930529,-0.040776934,-0.022051886,0.3472733,-0.039459072,0.0066278144,-0.27218342,-0.24851625
PCA4,-0.053699244,0.32453388,-0.12699553,-0.10635727,0.15718003,0.16071808,0.08143823,0.040464014,-0.2119276,0.0060793385,-0.1267636,0.33397344,0.028747797,0.010875022,0.26772663,0.24417478,0.03503395,-0.15505476,0.073704205,-0.30140835,-0.069394045,0.042610984,0.105250366,-0.05742404,-0.015702939,-0.07949949,-0.00893112,-0.035512995,-0.0027806065,-0.03833484,0.012647823,0.037903897,-0.10126435,-0.080605574,-0.130911,-0.094906606,-0.03724126,0.33136928,0.112065546,0.015037259,0.39328775,-0.16019367
PCA5,0.114042275,-0.19060174,0.0017514229,-0.23573983,0.23147753,0.23532572,0.023915857,0.0319497,0.19142452,0.21224429,0.03211198,0.059270017,0.22862266,0.017291725,-0.089515425,-0.07549884,0.21069513,0.1442592,0.022709297,-0.07095211,0.118081525,0.03835592,0.025417557,-0.098281056,0.21177629,-0.115587965,0.21429552,-0.13635556,0.21004835,0.10183934,-0.06509459,-0.16783658,-0.26913315,-0.07491263,-0.37334114,-0.17758016,0.104772,0.055025138,0.03564454,0.04942979,-0.19576432,0.1446352
PCA6,0.026341595,-0.1109773,-0.38097882,0.0617496,-0.08451445,-0.18565476,0.02144765,-0.019344583,0.41564286,0.3903118,0.031729937,0.0592224,0.41419923,0.029413268,0.21486169,0.20265125,-0.10328286,-0.09580692,0.022032872,-0.026112098,0.055349976,-0.035298888,0.015856165,0.023742335,-0.08759957,0.006933161,-0.09966597,0.015171996,-0.10085083,-0.020452932,0.07980166,0.022087581,0.16837193,-0.14653797,0.108880594,0.09055676,-0.021490525,0.05021592,0.20181638,-0.0039427863,-0.14872183,-0.095492765
PCA7,-0.05121721,0.0025278414,0.4279883,0.07585442,-0.06288964,-0.065427065,-0.029443301,0.021044534,-0.25697404,0.41017786,3.3803284e-05,0.17688617,0.43050322,0.015470825,-0.34837633,-0.33612347,-0.039136153,-0.064302854,-0.031520586,-0.099015206,-0.080522574,0.050895117,-0.013787786,0.030743374,-0.06324814,0.03141207,-0.07241924,0.021405479,-0.074963704,-0.04035781,-0.07871858,0.010607021,0.016075017,-0.047113348,0.09607586,0.07780592,-0.040946156,0.16590291,-0.023757027,0.0017832121,0.1046054,-0.06337772
PCA8,0.00354996,0.014801733,0.115544915,-0.039662182,-0.031105453,0.108725786,0.030317394,0.040312182,0.071308255,-0.09016955,0.073006794,-0.07523841,-0.12466329,0.057937756,-0.08154142,-0.07776749,0.14291686,-0.043860734,0.031337336,0.0013025627,-0.020519212,0.032547556,0.02491615,-0.24207054,-0.016739292,0.13305344,-0.011968547,0.1501241,-0.014788941,-0.061413333,-0.19213647,0.0050307526,0.50262225,-0.6136715,-0.24358599,-0.02485847,-0.05786971,-0.07371292,0.20921299,0.026487604,0.060293302,-0.044928644
PCA9,-0.028839957,-0.021958977,0.13552567,-0.028699249,0.015588611,0.00043283403,0.027210742,0.045393884,0.20581298,-0.11474648,0.030649513,-0.059460733,-0.13788721,0.03330627,-0.13200103,-0.1385198,0.017937474,-0.002134353,0.023355544,-0.02028504,-0.059782192,0.037770033,0.025639057,0.3266529,-0.04275078,-0.48947534,-0.06393818,-0.15644261,-0.060885966,0.018386476,0.10682132,-0.041066345,-0.17931429,-0.14179331,0.16853131,0.081883654,0.01625549,-0.056148607,0.5842483,0.023129398,0.16212259,-0.0024895717
PCA10,-0.017144267,-0.0071811415,0.05917918,0.24731007,0.010284599,0.29703295,0.01783073,0.020511717,0.14235654,0.0153732,-0.06634465,-0.039260406,0.037820242,-0.021920731,-0.027827352,-0.018158406,0.17028761,0.02151984,0.016196162,0.0036926866,-0.03643641,0.024061441,0.022610098,0.1258962,0.021320425,0.6835697,0.03756179,-0.088828236,0.03030175,0.0007619234,0.15473498,0.040106267,-0.034616314,0.25849825,-0.0010678334,-0.058555838,0.0003374966,-0.039040305,0.41162747,0.011374347,0.14813346,0.021788318
PCA11,-0.0060813627,-0.016930645,0.005041426,0.10344455,0.03078707,0.061116155,-0.0010994822,-0.00023011118,0.05914374,0.02137402,0.0029237121,-0.01200534,0.026062336,0.009157157,-0.00457415,-0.008229569,0.018787276,-0.0025333315,-0.0022694096,-0.002644144,-0.007951833,-0.00074242055,-0.0014684275,-0.017273106,0.016976655,-0.12210545,0.01277405,0.9366917,0.020745039,-0.0145753585,0.023410995,-0.05570684,-0.1823881,0.14294446,-0.062869586,-0.06092729,-0.014665707,-0.011194965,0.13846968,-0.0005384765,0.02531142,-0.0023135224
PCA12,0.008283529,0.024060024,-0.040975086,0.21239398,-0.049716957,0.39764208,-0.011967756,-0.0152999945,-0.04879238,0.06430102,-0.088288255,-0.029737502,0.1111117,-0.05399598,0.041394427,0.047109887,0.2115537,-0.0015093088,-0.010760784,0.02486556,0.016187936,-0.010632873,-0.0076636076,0.5573498,0.012290891,-0.30282214,0.007684812,0.0091550015,0.015282905,-0.0026725293,-0.037076194,0.11451037,0.4449986,0.13032173,-0.17480917,-0.05369377,-2.7591379e-05,-0.028024603,-0.20812969,-0.008686287,-0.035837714,-0.0023209827
PCA13,0.018835269,-0.038148932,0.1814784,-0.16001782,-0.086104415,0.19126643,0.036277473,0.018442325,0.028899513,0.048252,-0.12518357,-0.018382996,0.06951939,-0.06419951,0.041220397,0.0977571,0.17306831,0.06853025,0.032568336,-0.040443808,0.0012124181,0.03724058,0.04504791,-0.4675684,0.08875738,-0.21959472,0.13624352,0.019821756,0.15825883,0.15379271,0.2908423,0.20366338,0.3105943,0.20250595,0.3937801,0.13103382,0.15088739,-0.021253178,0.0583753,0.024820054,0.062160518,0.06777315
PCA14,-0.009937301,0.29703584,-0.6168517,-0.016748436,-0.022820368,0.2077046,-0.023166522,0.05979739,-0.0052864254,-0.011614494,-0.03603815,-0.024812445,0.0054749623,-0.017350584,-0.16736907,-0.61590755,0.107357055,-0.034057572,-0.022303127,-0.014527366,0.016360238,0.0006612241,-0.020884544,-0.11917588,-0.018254519,-0.011036754,-0.011376448,0.009139016,-0.007936463,0.022022609,0.057187587,0.025321666,-0.045847,-0.03792157,0.15300144,0.07611962,0.020575974,-0.023153681,-0.06961118,-0.0023994762,0.008875521,-0.03584493
PCA15,0.0064238682,-0.14729647,0.110640876,0.010099571,-0.0484173,0.48202235,-0.023939896,-0.052777834,0.0038254927,-0.010163367,-0.07049847,-0.04418342,0.0076902546,-0.028512508,0.075786084,0.20039289,0.23158309,-0.13446549,-0.022224173,0.029972076,0.016014814,-0.03417793,-0.027090102,0.004485473,-0.124513924,0.06934579,-0.14595848,0.027322933,-0.1505344,-0.03324896,-0.057432372,-0.10566903,-0.37463054,-0.3520218,0.33051112,0.22544295,-0.036849048,-0.041328456,-0.2243572,-0.023112733,-0.14521092,-0.13721918
PCA16,-0.0020632884,-0.16858481,0.20547152,-0.010079291,-0.0130627565,0.015047995,-0.03726789,-0.0045350036,0.026069798,0.00058711506,0.05088056,0.095455475,-0.02682662,-0.008645391,0.78250617,-0.51280415,0.0017532036,0.077439904,-0.029152125,0.06868487,-0.012199201,-0.026309859,-0.07492399,0.02512458,-0.014053181,0.014251739,-0.016834706,0.0067118406,-0.01839149,0.0027743876,-0.029557444,-0.021711107,0.017069712,-0.012075408,0.008173887,0.025527466,0.0027382872,0.09395424,-0.0011762918,-0.014270226,0.03175307,0.081927404
PCA17,-0.07602559,0.022042073,-0.102760814,0.008284569,-0.07264671,0.1436291,-0.124735266,-0.12575066,0.07007691,0.006334245,0.22958869,0.42248204,-0.14765899,-0.07951766,-0.1558827,0.1294811,-0.018113606,0.34568492,-0.11276552,0.29052928,-0.07501485,-0.10868208,-0.11865222,-0.0007784553,-0.040937386,0.0139773525,-0.049758885,0.031351034,-0.047674246,0.024699237,-0.097433925,-0.06286113,0.07731101,-0.031219717,0.08810819,0.11596582,0.024177056,0.4122267,0.06338505,-0.10784873,0.028849656,0.36769265
PCA18,0.019449998,0.12576805,0.055769213,-0.05700107,0.13132572,-0.14501628,-0.0062871277,6.452203e-05,-0.016016964,0.026961293,0.013440862,0.042854056,-0.0019735433,-0.04412832,-0.0020421967,-0.0066585243,-0.040041834,0.08907601,-0.0006777942,0.06253822,0.009904206,-0.00076045096,-0.0034531355,0.32611397,0.15081191,0.16266419,0.19226861,0.12663537,0.18278451,0.05091356,0.5228171,0.25856185,-0.05569436,-0.47167185,0.1725729,-0.18445794,0.049055405,0.044582408,-0.18304087,-0.0018770521,-0.00969587,0.09186102
PCA19,-0.02169044,0.25281888,0.16466095,0.28916776,-0.2649425,0.03250269,-4.2228028e-05,0.017566834,0.22105235,0.04460516,0.32925585,0.10089612,-0.063037544,0.17240891,0.006242916,-0.012040384,0.12675834,-0.26703885,0.01848358,0.35232687,-0.020815194,0.007466167,-0.0045617856,-0.20291138,0.049274683,-0.14802802,0.05585015,-0.11123985,0.04918447,-0.055124164,0.26613295,-0.103624105,-0.09466356,0.06008766,-0.13560374,-0.21068628,-0.055187233,0.09090028,-0.11514941,0.011546324,-0.03467814,-0.26143983
PCA20,-0.1139515,0.45146847,0.25838107,-0.20069045,0.14797568,0.050104264,0.012605928,0.023316287,0.5469559,-0.0044178367,-0.043053247,-0.046673447,-0.011155933,-0.034086585,-0.012776479,-0.0308761,-0.14055632,0.07151878,0.0042629503,-0.24749139,-0.08779897,-0.015418276,0.025362745,0.08080296,-0.033590585,0.08499682,-0.088688925,0.0425618,-0.1081197,0.04464209,0.013147697,-0.30723006,0.11397041,0.08979346,0.013249755,0.11514331,0.044123337,-0.044958454,-0.27140465,-0.02085433,0.02639879,0.068168715
PCA21,-0.13211328,-0.10085768,-0.036160666,0.3847401,-0.3016177,0.115073435,-0.050715607,-0.055407517,0.02968195,0.048477113,0.18404509,-0.0841454,-0.07777125,0.040430486,0.015055202,0.013406016,-0.14919265,0.20818794,-0.080513194,-0.6364292,-0.08923546,-0.07931128,-0.06111241,-0.13658854,0.0010493994,-0.09286089,0.045299307,-0.06610468,0.06851033,-0.08486307,0.09905295,0.06625581,-0.10529733,-0.112470254,-0.04706231,-0.105961725,-0.0849257,-0.087080725,-0.07691188,-0.06766623,0.032604653,0.20607166
PCA22,-0.072769254,-0.16786002,-0.109827206,-0.4298118,-0.11050224,0.031350672,-0.04433116,-0.041303374,-0.21557678,0.059558213,0.39078707,-0.02354202,-0.05397522,0.17296919,0.0008292049,0.023939518,0.12529963,-0.10900718,-0.04727602,-0.17967053,-0.07348457,-0.051435955,-0.066960335,0.18417358,0.10940136,0.10065703,0.0716594,0.050714258,0.020223215,-0.09653333,0.13462256,-0.44090465,0.19736257,0.1151345,0.22472088,-0.16409223,-0.09931644,-0.0255264,0.045114323,-0.03630782,0.01442889,-0.108872674
PCA23,-0.031918418,0.11031988,0.04418416,-0.48526895,-0.59694827,0.038450517,0.019849142,0.009443497,0.09318517,0.06260976,0.068861246,-0.0069258846,-0.042833596,0.01570011,0.005807206,0.0015395675,0.020630188,-0.030271389,0.017626725,-0.032554157,-0.03925141,-0.014901206,0.015030749,0.14831103,-0.026431322,0.09946726,-0.021967053,0.058052152,-0.006423898,0.07851431,-0.13460873,0.46140566,-0.17947432,0.058826685,-0.2065182,0.06322372,0.08071756,-0.008346345,0.028814167,-0.005537957,-0.050748415,-0.029159486
PCA24,-0.14327146,-0.20035824,-0.035632215,0.051765427,0.42798945,0.10290998,0.042645767,0.019355461,0.029436871,0.1783162,0.42870972,0.0034044087,-0.2294781,0.21087345,-0.04118827,-0.021559857,-0.098509416,-0.15513447,0.028021455,-0.069238,-0.15150017,0.0011029541,0.016778022,0.0059736073,-0.0047154054,0.032007203,-0.063327104,0.017279938,-0.07808623,0.27099764,0.004546687,0.3175922,0.024235643,0.06769152,-0.078611515,0.23617548,0.27265486,-0.014250645,-0.095657706,-0.0063834935,0.040223826,-0.15094987
PCA25,-0.07909901,-0.39363363,-0.11190237,-0.08085952,-0.2282733,0.104473874,0.11707407,0.08446082,0.018096322,-0.016141448,-0.21019122,-0.007889092,0.020067558,-0.03083665,-0.088159874,-0.03757259,-0.234783,0.034163106,0.11080955,0.17389056,-0.10805112,0.11606643,0.094551474,-0.023541152,-0.07570773,0.0046869703,-0.13320711,0.0064330995,-0.134466,0.11560607,0.3663911,-0.24962777,0.010286853,-0.06248501,-0.27641827,0.042982884,0.11751652,-0.0025954098,-0.19548714,0.057332993,0.39608645,0.03235249
PCA26,-0.14794406,-0.17406549,-0.0735244,0.022715107,0.020761311,-0.28684628,0.040331684,0.02937971,0.23785216,0.3576119,-0.17291094,0.011262968,-0.32784668,-0.124564946,-0.036164843,-0.008816898,0.45905527,0.0056109577,0.03758692,0.021813761,-0.2086709,0.041044638,0.045814857,0.021171693,0.02212558,-0.011917517,0.08171375,-0.002800189,0.08675447,-0.14696276,-0.20295016,0.054965556,-0.05409665,0.019568786,0.11382206,-0.08308729,-0.14799392,-0.024991462,-0.1965881,-0.024432942,0.30278885,0.011027506
PCA27,-0.063651025,-0.12576266,-0.03118278,0.0028831847,0.041538112,-0.19165833,-0.1042973,-0.06441751,0.17194587,-0.5459802,0.2186854,-0.02051074,0.4925129,0.022031944,-0.041213896,0.011354629,0.33309156,-0.008835226,-0.112255335,-0.05936825,-0.020749547,-0.04430668,-0.120997645,0.0016689897,0.007242933,0.005660029,-0.010193288,0.004838288,-0.013739556,0.041587994,-0.04967171,0.12482545,-0.041545276,0.005138442,-0.019393906,0.052668653,0.041643202,0.033408873,-0.14792722,-0.04214275,0.32988888,-0.016508784
PCA28,0.019648572,-0.118431166,-0.016836233,-0.056285825,0.036204785,0.2804751,0.09056987,0.0851977,0.20404392,-0.08215065,0.08077922,-0.011148922,0.1098111,0.1439732,-0.034666892,-0.02031683,-0.48021853,-0.029357873,0.1021615,0.16165261,0.029702414,0.093794286,0.06444281,0.02429574,0.13213271,-0.007102277,0.2097021,-0.0068762302,0.19718973,-0.23074801,-0.3238985,0.15929109,-0.0010444298,0.016710192,0.27703667,-0.16161467,-0.23327327,0.00028147548,-0.09928349,0.070755616,0.23941389,-0.03330387
PCA29,0.39635053,0.030105233,0.030327413,-0.026910223,-0.009337306,0.013676822,-0.27083272,-0.08751473,0.059989035,0.2240665,0.020748734,-0.070714936,-0.16934454,0.061893918,-0.020615146,0.031729132,-0.036613047,-0.02602737,-0.30650792,-0.036816914,0.5758935,-0.0102698505,-0.21419978,0.0018840432,-0.02834533,0.0050933734,-0.048195526,0.002117889,-0.04195763,0.053963903,0.00773317,0.004188183,0.0016102964,0.0022048561,-0.016245926,0.008069292,0.053923603,-0.044537947,-0.04213223,0.04133753,0.41557035,-0.040188834
PCA30,0.045246094,-0.00024266168,0.0041315886,-0.049068432,0.05048594,-0.010981182,0.024494693,-0.013837583,-0.019265583,0.0033790544,0.086627215,-0.0005341619,-0.0060333125,-0.017292768,-0.0058764517,-0.004786268,0.00013669394,-0.023629516,0.022087365,0.003342554,0.03200762,-0.044326182,0.005647812,0.04791349,-0.43669444,0.012628436,0.090023115,0.00323724,0.6128817,-0.2148026,0.15372896,-0.060496405,-0.004648979,0.028906211,-0.18093224,0.49974674,-0.21222165,0.0017817132,-0.0064460896,-0.015904605,0.0146343745,-0.02213049
PCA31,0.045071013,-0.023275182,0.013500136,0.015519562,-0.02131402,0.014414119,0.114919245,0.0030026683,0.01897486,-0.012010842,0.1546618,-0.010436781,0.0073364116,-0.33107603,-0.016798705,-0.024072204,-0.028466895,-0.048663348,0.09342425,-0.028271317,0.04888791,-0.055207282,0.062352125,0.00482372,-0.41400996,0.014862783,-0.3384571,0.0021762326,0.35262617,0.2599863,-0.1494713,-0.055236064,0.016420871,-0.019002851,0.16550782,-0.47428024,0.25800687,0.006678749,-0.009194113,-0.023719363,0.022497281,-0.042029046
PCA32,0.18447968,-0.031176662,0.029256523,0.013772644,0.0003643073,0.00824419,0.2764946,-0.06924543,-0.0028477088,0.002829112,0.28377286,-0.00044049323,-0.02180691,-0.63314056,-0.039266437,-0.055010796,-0.030837812,-0.07770848,0.2797862,-0.05652204,0.16975537,-0.27475268,0.067291975,-0.006409809,0.17491357,-0.0061980784,0.19312972,0.0019346476,-0.2523874,-0.096894145,0.045333713,0.0057756156,-0.0026376992,0.022685362,-0.05281511,0.14867188,-0.09587084,0.007207621,-0.004993545,-0.10186049,0.08138528,-0.063637294
PCA33,0.07351577,0.0037654825,-0.03517718,-0.0027278978,-0.0019403119,0.023233358,-0.30542767,0.27810243,-0.0021699225,-0.009058706,0.20415601,-0.012105364,0.005357232,-0.44867763,0.051087394,0.06526394,-0.054493267,-0.047096938,-0.30496037,-0.02151993,-0.20480129,0.5808271,0.05523809,-0.0018514991,-0.08086981,-0.002172187,0.17027217,0.0018831044,-0.08398951,-0.017223433,0.0016845465,-0.010549717,-0.0037423074,0.0020453483,-0.018842913,0.028352086,-0.016652465,-0.011890799,0.012556865,0.20001304,-0.07187644,-0.033195786
PCA34,-0.12176416,-0.0014905185,0.00813707,-0.0024841689,-0.004494559,-0.0028647855,0.049060635,-0.051812768,0.0011547636,-0.0037007118,-0.054203283,-0.0032251347,0.0077278838,0.12818715,-0.007426016,-0.009297922,0.011141643,0.011939917,0.013025833,0.01023812,0.09110897,-0.074921735,0.009519119,0.009645931,-0.5820292,-0.004834011,0.6834939,0.004393026,-0.30140597,0.11381391,-0.043445542,-0.030594215,0.0037066936,-0.00675261,0.03419447,-0.13569418,0.11316002,0.005188316,0.00019457564,-0.025332808,0.0024092197,0.0058812993
PCA35,0.7538322,0.010343909,-0.016719386,0.010014206,-0.0067152977,0.004616767,-0.055936396,-0.12706135,0.034480385,-0.009555414,-0.039362997,0.026737757,0.0038369745,0.12771496,-0.0140476385,-0.009572441,-0.014638424,-0.009425852,0.10334394,-0.03793644,-0.5839119,-0.11054529,-0.07973732,-0.0007185675,-0.078969404,-0.0003313683,0.06331728,-0.00015204214,-0.036947034,0.034029648,-0.010003168,-0.004504822,0.0010588579,0.005537927,0.011193022,-0.03269082,0.033875912,-0.029427474,-0.031207915,-0.038282365,0.03343302,0.010560246
PCA36,0.073158376,-0.046039596,0.016571192,0.00088057667,-0.0019053612,0.001236828,-0.045801304,0.453051,-0.004168922,-0.014337441,-0.007491516,0.013389492,0.011250854,0.029020578,-0.00032034516,0.0018006377,-0.002320394,-0.0013966262,-0.45550996,0.03394898,-0.05019025,-0.52768254,0.54147184,0.00017952919,0.01225771,0.00092060864,0.0018600821,0.00022031367,-0.006184712,-0.0060019493,-0.00029037893,-0.0009422451,0.0019343123,-0.0004811287,0.005291432,-0.0050998926,-0.006035425,0.003980983,-0.010491937,-0.004610747,0.013519704,0.00074604154
PCA37,0.062843256,0.022943497,-0.008562733,-0.0020032898,-0.0011757948,-4.3816864e-05,0.66631866,-0.39362895,0.0049097594,-0.0053295773,0.013891153,0.012069222,0.004789762,0.010030225,0.0072295815,-0.031364642,0.00052600354,-0.0041695014,-0.5833337,0.019253537,-0.052854568,0.20764117,0.08392556,0.0012396425,0.019059122,0.00036372244,-0.0073258504,-0.00033527613,0.00016781688,-0.010935754,-0.00038191676,-0.0009873584,-0.0004619062,-0.0008176924,0.00083205104,0.0046266466,-0.010293137,-0.022865763,-0.00084102154,-0.002788484,-0.008353457,0.009096861
PCA38,0.013211775,-0.004685742,-0.0012575083,-0.0035723075,-0.00393935,-0.00090454007,-0.34141025,-0.4794239,0.004593674,-0.016427947,0.04114667,0.122408785,0.010685877,0.03624559,0.009927336,-0.06235986,0.0020718016,-0.021794066,0.113699526,0.005283477,0.08364343,0.20612273,0.6666883,0.0033973865,0.013705447,0.0007054657,-0.012138405,0.00073362887,-0.0037700254,-0.0028450638,0.00086852163,-0.0011127517,-0.0019233823,-0.0020380616,-0.0003271699,0.0032732189,-0.002176717,-0.16807824,-0.005840689,-0.30494332,0.026061207,0.035230458
PCA39,0.00021953654,0.0030752409,-0.0035617037,0.0028921524,0.0008147877,-0.0014672705,-0.08288442,-0.19433476,0.0002571651,0.03514068,0.0052580894,-0.6710803,-0.020267667,0.0017758379,0.0022862141,-0.019548621,0.001973033,0.035459734,0.021925928,0.004864673,-0.044283725,-0.010473015,0.1738432,-0.0035525833,0.00964532,-0.0012109226,-0.00039685168,-0.0016661293,-0.0014056179,-0.0053095855,-0.00050774857,8.042157e-05,6.7934394e-05,0.0012909323,-0.00021131337,0.0032356903,-0.006481111,0.67261803,5.5232085e-05,0.12353728,-0.0067040324,-0.030725613
PCA40,-0.10200715,0.009125974,-0.008888893,-0.0015674196,0.0016567782,0.0024742447,-0.12692827,-0.3573361,0.0006638281,-0.0005893633,0.010964923,0.1530548,-0.00024795532,-0.068754435,-0.0040464103,-0.021678463,-0.0067136884,0.016083032,0.020683855,-0.0007017553,-0.06022206,-0.2456927,0.08361928,-0.00044064224,0.003736809,-0.00024420023,-0.0018560067,-0.00031926483,0.0074060187,-0.0042995065,-0.0034575388,0.00059594214,-0.000993818,-0.0023762165,-0.00024655648,-0.00038859993,-0.005592266,-0.15467575,-0.0017935373,0.8487104,0.011080282,-0.025367282
PCA41,0.011445433,-0.000121566,-0.00011209841,0.001011712,-0.00068306644,0.00013170065,-0.0006683883,-0.0042965733,-0.00029729865,0.0029773074,0.012277932,0.03743915,-0.0025293157,-0.010054477,0.00071050227,-0.0012186728,-0.00021846592,0.71010965,-0.00079748034,0.009702958,-0.011581589,0.015621666,0.017518954,-7.263571e-05,0.00011720508,0.000115811825,-0.00015071034,0.0001809001,-0.00033714622,-0.0025687814,0.00016602874,-6.6906214e-05,0.00019657612,0.0002085492,-3.655255e-05,0.0004203302,0.002994636,-0.030378655,0.0017945766,-0.046137735,-0.0035092328,-0.70004195
PCA42,0.00025263362,-3.9743572e-05,9.774238e-06,-4.7413458e-05,0.00027728957,2.1800915e-05,0.0003645207,0.00013225024,-0.00049529405,6.834639e-05,4.359684e-05,0.0006399543,-8.2803774e-05,-0.0004089717,-8.16898e-06,-2.660486e-05,1.02824415e-05,0.0027760915,-0.00021561387,3.463996e-05,-1.599139e-05,0.0005551016,0.00028747332,2.3030618e-05,9.844883e-05,4.7613867e-08,0.00019785599,-4.563306e-05,0.00034550647,0.7071905,-0.0007504737,0.00089883804,0.0013492107,-0.00024271011,-0.006791246,0.0012037767,-0.70697397,-0.0006298125,-2.875924e-06,-0.0011997484,-0.00012079999,-0.0026307255
